65 65 65 64 28
65 65 78 79
65 65 78 17 17 17 28
65 65 59 64 17 17
65 65 84 17 28 28
65 65 17 28 28 28 28 28
65 65 28 129
65 107 115
65 107 59 28 28
65 107 64 17 17 17
65 78 59 17 17 17 17 17
65 78 80 64
65 115 79 28
65 115 17 17 17 28 28
65 59 59 59 17 28
65 59 84 79
65 59 84 17 17 17 28
65 59 79 28 28 28
65 59 17 17 17 28 28 28 28
65 59 17 17 129
65 80 80 17 17 28
65 80 69 17 28 28
65 194 28
65 96 64 17 17 28
65 64 79 79
65 64 79 17 17 17 28
65 64 17 17 17 17 17 17 28 28
65 84 69 69
65 69 69 28 28 28
65 69 17 17 17 17 17 17 17 17 17
65 69 153
107 107 17 28 28
107 78 17 17 17 17 17 17
107 59 59 17 17 28
107 96 84
107 96 28 28 28
107 84 79 17
107 84 17 17 17 17 28
107 79 17 28 28 28
107 17 17 17 17 28 28 28 28
107 17 17 17 129
78 78 80 17 17 17
78 78 69 17 17 28
78 59 64 69 17
78 80 84 17 28
78 80 17 28 28 28 28
78 80 129
78 96 96 17
78 96 79 17 17
78 96 17 17 17 17 17 28
78 64 64 64 17
78 64 117 28
78 84 69 28 28
78 69 28 28 28 28 28
78 79 79 17 17 17
78 79 17 17 17 17 17 17 28
78 17 17 17 17 17 17 17 17 17 28 28
78 28 28 153
115 59 96 17
115 59 79 17 17
115 59 17 17 17 17 17 28
115 80 64 28
115 69 69 17 17
115 172
151 80 28 28
151 17 17 17 17 17 17 17 17
59 59 59 59 17 17 17
59 59 96 17 28 28
59 59 84 17 17 17 17 17
59 59 79 17 17 28 28
59 59 17 17 17 17 17 28 28 28
59 80 80 17 17 17 17
59 80 64 84
59 80 64 28 28 28
59 80 69 79
59 80 69 17 17 17 28
59 194 17 17
59 96 64 17 17 17 17
59 64 79 17 17 17 17 17
59 64 17 17 17 17 17 17 17 17 28
59 69 69 17 17 28 28
59 172 28 28
80 64 64 79
80 64 64 17 17 17 28
80 117 17 17 28 28
80 69 69 69
80 17 190
80 28 179
96 84 79 28
96 84 17 17 17 28 28
96 79 28 28 28 28
96 17 17 17 28 28 28 28 28
96 17 17 28 129
64 64 69 17 17 28 28
64 69 69 17 17 17 17 17
64 178 17 28
64 17 17 17 172
84 84 17 17 17 17 17 17 17
84 117 69 17
84 79 79 17 28
84 79 17 17 17 17 28 28
84 17 17 17 17 17 17 17 28 28 28
117 69 17 28 28 28
117 17 17 17 17 17 17 17 17 17 17
117 17 153
69 28 190
79 79 17 28 28 28 28
79 79 129
79 17 17 17 17 28 28 28 28 28
79 17 17 17 28 129
17 17 17 17 17 17 17 28 28 28 28 28 28
17 17 17 17 17 17 28 28 129
