64 64 64 72 49 29
64 64 64 75 75
64 64 74 82 29 29
64 64 49 49 116
64 64 49 49 29 29 29 29
64 64 116 98
64 64 29 29 29 29 98
64 173 49 56
64 106 74 49 49
64 106 74 98
64 106 116 56
64 106 56 29 29 29 29
64 74 74 74 56
64 74 74 72 29 29
64 72 72 49 56 29
64 72 49 82 75
64 72 56 75 75
64 49 49 49 49 82
64 49 49 49 56 75
64 49 49 82 98
64 49 56 98 75
64 82 82 56 29 29
64 82 98 98
64 116 29 29 29 75
64 29 29 29 29 29 29 29 75
173 82 29 29 29
194 74 74
141 74 49 49 29
141 74 29 98
141 116 56 29
141 56 29 29 29 29 29
106 106 74 56
106 106 72 29 29
106 74 29 29 29 75
106 72 82 82
106 49 49 82 56
106 49 56 56 75
106 82 56 98
74 74 49 116 29
74 74 49 29 29 29 29 29
74 74 82 56 56
74 72 72 49 75
74 72 49 49 49 49
74 72 49 49 98
74 72 82 56 29 29
74 72 98 98
74 49 49 56 56 29 29
74 186 82
74 82 82 29 75
74 56 56 29 29 98
72 72 82 116
72 72 82 29 29 29 29
72 49 49 116 56
72 49 49 56 29 29 29 29
72 116 56 98
72 56 29 29 29 29 98
49 49 186 29 29
49 49 82 29 29 29 75
49 56 29 29 29 75 75
186 29 29 98
82 29 29 29 98 75
116 56 56 56 29 29
56 56 56 29 29 29 29 29 29
