90 90 90 184
90 90 90 165 19
90 90 111 163
90 90 157 86 31
90 90 169 86 19
90 90 86 131 19 19 19
90 90 86 95 31 31 31
90 90 86 19 19 19 19 19 31 31 31
90 90 86 19 19 150
90 90 131 19 31 31 31 31
90 90 131 19 124
90 90 19 19 19 31 31 31 31 31 31 31
90 90 19 19 19 31 31 31 124
90 90 150 31 31 31 31
90 90 150 124
90 176 157 31
90 176 169 19
90 176 131 19 19 19
90 176 95 31 31 31
90 176 19 19 19 19 19 31 31 31
90 176 19 19 150
90 111 111 111 31
90 111 191 31 31
90 111 86 86 19 31 31
90 111 184 19 19 31
90 111 95 158
90 111 165 19 19 19 31
90 111 19 19 19 19 19 158
90 189 175
90 191 173
90 183 86 95
90 183 86 19 19 19 19 19
90 183 131 19 31
90 183 19 19 19 31 31 31 31
90 183 19 19 19 124
90 183 150 31
90 157 157 19 31
90 157 169 19 19
90 157 145 31 31
90 157 131 19 19 19 19
90 157 95 19 31 31 31
90 157 19 19 19 19 19 19 31 31 31
90 157 19 19 19 150
90 169 145 19 31
90 169 95 19 19 31 31
90 169 19 19 19 19 19 19 19 31 31
90 145 86 95 19 19
90 145 86 19 19 19 19 19 19 19
90 145 131 19 19 19 31
90 145 95 31 31 31 31
90 145 95 124
90 145 19 19 19 19 19 31 31 31 31
90 145 19 19 19 19 19 124
90 145 19 19 150 31
90 86 86 173 19
90 86 95 95 19 19 19 31
90 86 95 19 19 19 19 19 19 19 19 31
90 86 19 19 19 19 19 19 19 19 19 19 19 19 19 31
90 131 95 19 19 19 19 31 31
90 131 19 19 19 19 19 19 19 19 19 31 31
90 95 95 19 31 31 31 31 31
90 95 95 19 31 124
90 95 19 19 19 19 19 19 31 31 31 31 31
90 95 19 19 19 19 19 19 31 124
90 95 19 19 19 150 31 31
90 163 163 19 19
90 19 19 19 19 19 19 19 19 19 19 19 31 31 31 31 31
90 19 19 19 19 19 19 19 19 19 19 19 31 124
90 19 19 19 19 19 19 19 19 150 31 31
90 158 31 175
176 111 86 19 31 31
176 183 95
176 183 19 19 19 19 19
176 145 95 19 19
176 145 19 19 19 19 19 19 19
176 86 173 19
176 95 95 19 19 19 31
176 95 19 19 19 19 19 19 19 19 31
176 19 19 19 19 19 19 19 19 19 19 19 19 19 31
111 111 163 19 19 31
111 111 19 19 19 175
111 191 95 19 19 19
111 191 19 19 19 19 19 19 19 19
111 157 86 19 19 31 31
111 157 31 31 31 31 31 31
111 157 31 31 124
111 169 86 19 19 19 31
111 169 19 31 31 31 31 31
111 169 19 31 124
111 145 86 19 31 31 31
111 86 86 95 19 19 19 19
111 86 86 19 19 19 19 19 19 19 19 19
111 86 131 95 31
111 86 131 19 19 19 19 19 31
111 86 95 19 19 31 31 31 31
111 86 95 19 19 124
111 86 19 19 19 19 19 19 19 31 31 31 31
111 86 19 19 19 19 19 19 19 124
111 86 19 19 19 19 150 31
111 131 131 19 31 31
111 131 19 19 19 31 31 31 31 31
111 131 19 19 19 31 124
111 131 150 31 31
111 95 31 31 31 31 31 31 31 31
111 95 31 31 31 31 124
111 95 124 124
111 19 19 19 19 19 31 31 31 31 31 31 31 31
111 19 19 19 19 19 31 31 31 31 124
111 19 19 19 19 19 124 124
111 19 19 150 31 31 31 31 31
111 19 19 150 31 124
189 189 19 19 19 19
189 86 86 31 31 31
189 184 19 31 31
189 165 19 19 31 31
189 19 19 19 19 158 31
191 86 19 158
191 163 19 19 31 31
191 19 19 19 31 175
183 183 19 19 19 31
183 157 95 19
183 157 19 19 19 19 19 19
183 145 95 31
183 145 19 19 19 19 19 31
183 95 95 19 31 31
183 95 19 19 19 19 19 19 31 31
183 19 19 19 19 19 19 19 19 19 19 19 31 31
157 145 95 19 19 19
157 145 19 19 19 19 19 19 19 19
157 86 173 19 19
157 95 95 19 19 19 19 31
157 95 19 19 19 19 19 19 19 19 19 31
157 173 31 31 31 31
157 173 124
157 19 19 19 19 19 19 19 19 19 19 19 19 19 19 31
169 95 95 95
169 95 95 19 19 19 19 19
169 95 19 19 19 19 19 19 19 19 19 19
169 173 19 31 31 31
169 19 19 19 19 19 19 19 19 19 19 19 19 19 19 19
145 145 145 19
145 145 95 19 19 31
145 145 19 19 19 19 19 19 19 31
145 86 173 19 31
145 95 95 19 19 19 31 31
145 95 19 19 19 19 19 19 19 19 31 31
145 19 19 19 19 19 19 19 19 19 19 19 19 19 31 31
86 86 86 165 31
86 86 86 19 19 158
86 86 163 19 19 19 31 31
86 86 19 19 19 19 31 175
86 86 158 31 31 31 31
86 86 158 124
86 131 31 31 175
86 184 184
86 184 165 19
86 95 173 19 19 31 31
86 165 165 19 19
86 163 19 31 31 31 31 31 31
86 163 19 31 31 124
86 173 19 19 19 19 19 19 19 31 31
86 19 19 31 31 31 31 31 175
86 19 19 31 175 124
131 131 173 19
131 95 95 95 19 19
131 95 95 19 19 19 19 19 19 19
131 95 19 19 19 19 19 19 19 19 19 19 19 19
131 165 158
131 173 19 19 19 31 31 31
131 173 150
131 19 19 19 19 19 19 19 19 19 19 19 19 19 19 19 19 19
184 95 175
184 163 19 19 19 19 31
184 19 19 19 19 19 175
184 19 158 31 31 31
95 95 95 19 19 19 19 31 31 31
95 95 95 19 150
95 95 19 19 19 19 19 19 19 19 19 31 31 31
95 95 19 19 19 19 19 19 150
95 165 163 31
95 165 19 175
95 163 19 19 158
95 173 31 31 31 31 31 31
95 173 31 31 124
95 19 19 19 19 19 19 19 19 19 19 19 19 19 19 31 31 31
95 19 19 19 19 19 19 19 19 19 19 19 150
165 165 31 31 31 31
165 165 124
165 163 19 19 19 19 19 31
165 19 19 19 19 19 19 175
165 19 19 158 31 31 31
163 19 19 19 19 19 19 19 158
173 19 19 19 19 19 31 31 31 31 31 31
173 19 19 19 19 19 31 31 124
173 19 19 150 31 31 31
19 19 19 19 19 19 19 19 19 19 19 19 19 19 19 19 19 19 19 31 31 31
19 19 19 19 19 19 19 19 19 19 19 19 19 19 19 19 150
19 19 19 19 158 158 31 31
31 31 31 31 31 31 31 31 31 175
31 31 31 31 31 175 124
31 175 124 124
