100
1795266479
416331297
2055782556
777423193
1917128962
577725705
1854665812
1450796044
1426474067
738037833
1112669543
1657846068
2085174718
481237308
1735918840
1324895211
6604957
11203178
1840376751
977609906
649115156
504510416
707157365
1683639387
589289980
1542955187
537515273
1288507194
749412584
1945875114
1978973880
1859054851
933456953
180653736
411638062
258763692
356296206
1614681103
1644557517
409271727
27109419
309816201
1703941611
1253066874
662924402
1825887907
75297835
154875309
2008577276
1739404884
572223759
955306333
881730254
459176124
1549352085
2004573094
1335733069
473275377
106164423
1004589167
1779496078
1017659937
817369258
333082778
574193096
1491043018
553607332
1035922648
1011265971
143288697
2127836927
1038738747
1424432314
1577115107
1469548556
41078751
31993492
293689404
188608920
813567688
346568634
1620666174
1326409102
1433359587
1493790456
1028121327
472768313
566938376
490074093
985580609
1392491914
513444516
1348336049
1248834389
702848893
1645882515
1033062006
1937459590
1728444147
1843986275
