50
1108948901
2004176378
95393560
1268343114
2143246058
2134284972
1533476060
1397636183
1081407885
173953333
142956580
1287055016
36167376
374629022
1929057445
1867400778
1706233346
1077462093
689350006
925784246
11203960
63818161
591873267
2054967898
128467109
1190397198
1405277558
1623685617
358996909
1161462783
1557702328
540622289
1306818852
937318172
256905934
1309210102
281764021
1933735984
1237762234
641273097
880417334
1900667343
2087282187
1606681242
1095179882
1814783769
322937759
256944627
1203712144
1194058418
