60
1857844151
1607539489
1998225561
214686433
852200268
47568745
890755450
1168783591
1177674704
698586049
1070637093
1260657211
1100383940
339402961
2036023492
418526147
671899260
1143994484
269078938
588912080
1639337582
1899953125
1364744285
630927747
166371886
1061676548
1868728489
1846615247
626965159
1175478443
112803919
194313207
364193934
1335955680
2145572701
1306863262
1362122734
1954059221
1606481045
1870613349
692929822
1774148186
396370562
971497417
1758044909
1070685105
2000120877
526018994
386116872
1610870581
614925418
761346522
961339945
1978473422
435767428
1813316513
821807443
832969944
1422397973
490750907
