80
6902498
493163923
1318179540
1585592617
1668881061
119674338
247770295
1212593194
509759596
1503584565
1560482051
2032901947
1612983480
1576541280
922355274
1144767503
1008521036
1574794162
2010627319
380136262
813237003
2020442225
39880785
275815212
1728019131
276855109
1148160130
1205403875
1109114300
1225929243
163226670
1928575482
579124380
1081116838
1771788131
787362914
1732180272
139829946
652207488
1246400310
623686456
517220756
91565834
329670513
1725231260
61185052
897374982
524150375
854441359
316871117
1061118912
2133692162
1859547591
621542369
1474465
2103545635
1117775164
352794098
1312886727
1893943632
2057082720
1563294125
1415504448
322824226
1661164073
1879589102
11806465
1600613247
298483297
2080317746
525705367
212082040
328218652
808335186
2014106673
2139423395
849998165
757793574
285060817
108045537
